0 1
1 2
2 2
3 2
4 1
5 2
6 1
7 1
8 2
9 2
10 2
11 2
12 2
13 2
14 2
15 2
16 2
17 2
18 1
19 2
20 2
21 2
22 2
23 2
24 2
25 2
26 2
27 2
28 1
29 2
30 0
31 0
32 2
33 2
34 2
35 2
36 2
37 2
38 2
39 2
40 2
41 2
42 2
43 2
44 2
45 2
46 1
47 2
48 1
49 2
50 2
51 1
52 2
53 2
54 2
55 2
56 2
57 2
58 2
59 0
60 0
61 0
62 0
63 0
64 0
65 0
66 0
67 0
68 0
69 1
70 0
71 0
72 0
73 0
74 0
75 0
76 1
77 2
78 0
79 0
80 0
81 0
82 0
83 0
84 0
85 0
86 0
87 0
88 0
89 0
90 0
91 0
92 0
93 0
94 0
95 0
96 0
97 0
98 0
99 0
100 0
101 0
102 0
103 1
104 1
